147.77 115.21
147.44 128.11
149.80 140.81
152.58 153.49
155.03 166.16
161.08 177.49
170.09 186.67
179.87 195.18
192.02 198.44
206.27 196.58
219.55 190.91
233.03 185.75
246.04 179.60
255.10 168.59
258.62 154.71
260.10 140.37
260.98 126.04
154.78 93.49
160.64 91.08
166.90 91.19
172.83 93.36
178.53 95.91
205.75 96.15
213.52 93.46
221.47 91.48
229.52 92.63
237.02 95.81
190.79 108.78
189.21 117.71
187.17 126.53
185.47 135.35
177.13 145.05
181.94 146.55
186.88 147.17
194.89 147.25
202.66 145.88
161.90 109.94
167.79 109.81
174.11 110.14
179.81 111.23
173.74 112.84
167.50 112.61
207.37 112.93
214.10 112.74
221.29 112.93
227.99 113.21
221.21 115.33
214.07 115.21
173.28 163.14
176.92 159.15
181.44 155.98
186.66 157.12
195.30 156.95
202.87 161.48
210.53 165.62
203.76 169.55
196.25 171.74
188.45 171.80
182.55 170.60
177.53 167.27
182.17 163.48
187.41 163.96
196.14 164.29
196.07 164.27
187.56 163.84
182.16 163.49
