148.20 115.24
147.89 128.10
150.33 140.73
153.18 153.36
155.48 166.01
161.60 177.27
170.43 186.53
180.14 195.07
192.23 198.42
206.37 196.49
219.57 190.91
233.02 185.96
245.98 180.05
255.20 169.30
258.66 155.52
260.36 141.35
261.26 127.12
155.25 93.55
160.96 91.05
167.13 91.12
172.96 93.20
178.55 95.69
206.39 95.86
214.08 93.34
221.94 91.48
229.87 92.57
237.26 95.68
191.16 108.61
189.53 117.52
187.34 126.29
185.59 135.09
177.57 145.06
182.26 146.61
187.12 147.20
195.14 147.27
202.93 145.89
162.31 110.37
168.20 111.45
174.36 111.67
180.24 111.63
174.17 113.01
167.99 112.76
207.76 113.20
214.64 114.41
221.77 114.56
228.60 113.55
221.73 115.58
214.53 115.45
173.51 162.78
177.20 158.97
181.68 155.94
186.77 157.08
195.48 157.03
203.13 161.54
210.87 165.59
204.00 169.36
196.48 171.47
188.70 171.59
182.79 170.35
177.78 166.96
182.34 163.58
187.51 164.01
196.44 164.36
196.35 164.17
187.66 163.74
182.32 163.47
