147.93 115.18
147.64 128.07
150.10 140.71
153.00 153.35
155.33 166.02
161.45 177.31
170.27 186.60
179.98 195.17
192.09 198.54
206.25 196.59
219.45 190.96
232.90 185.97
245.87 180.02
255.09 169.24
258.50 155.42
260.19 141.23
261.08 126.98
154.96 93.62
160.66 91.06
166.83 91.13
172.67 93.22
178.26 95.73
206.25 95.87
213.91 93.36
221.75 91.51
229.66 92.59
237.04 95.68
190.96 108.67
189.35 117.59
187.19 126.37
185.47 135.18
177.41 145.13
182.11 146.69
186.96 147.29
194.98 147.33
202.76 145.95
162.07 110.39
167.96 111.47
174.14 111.72
180.01 111.68
173.93 113.03
167.75 112.77
207.59 113.20
214.48 114.42
221.62 114.57
228.46 113.55
221.57 115.58
214.37 115.46
173.34 162.82
177.06 159.00
181.54 155.99
186.62 157.13
195.33 157.08
202.98 161.58
210.73 165.62
203.87 169.41
196.36 171.55
188.58 171.70
182.65 170.46
177.63 167.04
182.22 163.61
187.37 164.05
196.24 164.38
196.16 164.23
187.51 163.82
182.19 163.55
