148.82 115.06
148.41 127.92
150.76 140.55
153.56 153.18
155.87 165.83
161.90 177.13
170.70 186.40
180.38 194.95
192.45 198.34
206.62 196.48
219.86 190.96
233.32 186.01
246.30 180.08
255.58 169.36
259.13 155.59
260.84 141.40
261.80 127.15
155.86 93.41
161.57 90.89
167.74 90.97
173.58 93.08
179.17 95.60
206.90 95.86
214.59 93.32
222.47 91.48
230.41 92.62
237.79 95.78
191.67 108.51
190.01 117.39
187.83 126.15
186.05 134.93
177.96 144.85
182.66 146.40
187.51 147.01
195.52 147.10
203.30 145.74
162.88 110.10
168.74 110.82
174.92 111.11
180.73 111.42
174.68 112.81
168.51 112.55
208.27 113.06
215.08 113.89
222.20 114.09
228.97 113.46
222.14 115.49
214.99 115.34
173.86 162.65
177.54 158.78
182.05 155.72
187.19 156.87
195.90 156.81
203.55 161.34
211.27 165.45
204.39 169.26
196.84 171.40
189.03 171.51
183.11 170.25
178.10 166.86
182.71 163.31
187.91 163.76
196.81 164.14
196.73 164.05
188.05 163.59
182.69 163.30
