148.50 115.08
148.14 127.95
150.53 140.58
153.37 153.21
155.67 165.86
161.74 177.15
170.52 186.43
180.21 194.99
192.29 198.38
206.43 196.49
219.64 190.93
233.09 186.00
246.06 180.10
255.32 169.38
258.80 155.60
260.52 141.44
261.45 127.21
155.54 93.50
161.24 90.95
167.41 91.02
173.24 93.12
178.83 95.63
206.70 95.86
214.37 93.35
222.22 91.51
230.13 92.63
237.50 95.77
191.42 108.57
189.78 117.47
187.60 126.24
185.84 135.02
177.77 144.97
182.46 146.51
187.31 147.12
195.32 147.19
203.10 145.83
162.57 110.22
168.45 111.17
174.64 111.43
180.49 111.55
174.41 112.90
168.23 112.63
208.00 113.14
214.86 114.21
222.00 114.39
228.82 113.53
221.95 115.56
214.76 115.41
173.68 162.69
177.38 158.87
181.87 155.83
186.97 156.97
195.67 156.94
203.31 161.45
211.04 165.52
204.17 169.30
196.64 171.42
188.85 171.56
182.94 170.30
177.93 166.90
182.52 163.45
187.69 163.89
196.58 164.24
196.50 164.11
187.84 163.67
182.50 163.39
