147.94 114.71
147.34 127.73
149.18 140.68
151.88 153.45
154.70 166.15
160.36 177.82
169.59 186.94
179.51 195.37
191.77 198.65
206.23 197.13
219.70 191.30
233.24 185.88
246.40 179.46
255.38 168.14
259.02 154.09
260.10 139.46
260.92 124.95
154.56 93.48
160.59 90.72
167.22 90.77
173.48 93.13
179.56 95.82
205.62 96.52
213.48 93.45
221.58 91.31
229.79 92.79
237.32 96.43
190.95 108.74
189.46 117.79
187.86 126.78
186.36 135.74
177.09 144.83
182.11 146.02
187.16 146.67
195.06 146.79
202.75 145.49
161.58 108.11
167.56 104.29
174.53 105.18
179.87 109.95
173.62 111.88
167.09 111.60
207.10 111.75
213.54 107.37
221.16 107.80
227.76 111.90
221.02 114.46
213.79 114.31
173.59 164.07
177.27 159.61
181.86 155.93
187.46 156.79
195.87 156.52
203.28 161.06
210.75 165.19
204.13 169.64
196.53 172.07
188.59 172.32
182.79 171.21
177.78 168.07
182.54 162.94
188.11 163.47
196.34 163.71
196.28 164.20
188.23 163.84
182.57 163.33
