147.84 115.06
147.40 128.01
149.49 140.82
152.17 153.54
154.79 166.21
160.66 177.69
169.85 186.77
179.71 195.21
191.92 198.42
206.26 196.74
219.64 191.00
233.13 185.73
246.22 179.44
255.17 168.23
258.79 154.30
260.04 139.82
260.87 125.40
154.68 93.42
160.70 90.94
167.15 91.03
173.26 93.30
179.16 95.91
205.53 96.39
213.38 93.48
221.44 91.39
229.62 92.70
237.18 96.12
190.84 108.77
189.30 117.76
187.47 126.67
185.85 135.56
177.05 144.93
181.98 146.26
187.00 146.89
194.97 147.01
202.71 145.69
161.73 109.00
167.67 106.93
174.33 107.52
179.84 110.52
173.68 112.37
167.28 112.14
207.15 112.35
213.73 109.93
221.14 110.22
227.78 112.55
221.03 114.89
213.84 114.76
173.45 163.67
177.07 159.44
181.62 155.98
187.04 156.99
195.54 156.74
203.01 161.31
210.56 165.45
203.87 169.62
196.33 171.88
188.47 171.98
182.66 170.85
177.65 167.67
182.32 163.25
187.74 163.76
196.24 164.05
196.18 164.22
187.88 163.82
182.34 163.38
