147.80 115.12
147.49 128.02
149.95 140.68
152.81 153.34
155.19 166.01
161.31 177.31
170.22 186.55
179.96 195.10
192.08 198.43
206.29 196.49
219.54 190.85
233.00 185.76
245.99 179.71
255.13 168.81
258.56 154.94
260.16 140.68
261.04 126.38
154.79 93.54
160.55 91.06
166.76 91.16
172.62 93.29
178.25 95.80
205.95 95.97
213.65 93.39
221.54 91.47
229.50 92.56
236.94 95.65
190.80 108.74
189.22 117.67
187.11 126.48
185.39 135.29
177.25 145.11
181.99 146.66
186.88 147.28
194.90 147.32
202.68 145.92
161.93 110.22
167.82 110.88
174.04 111.14
179.85 111.49
173.78 112.94
167.58 112.70
207.44 113.08
214.27 113.79
221.41 113.95
228.20 113.37
221.36 115.46
214.18 115.34
173.28 162.91
176.98 159.06
181.48 156.01
186.61 157.15
195.29 157.05
202.93 161.52
210.66 165.56
203.83 169.39
196.32 171.57
188.53 171.70
182.60 170.47
177.56 167.09
182.15 163.57
187.36 164.03
196.24 164.35
196.16 164.22
187.50 163.81
182.12 163.50
