147.74 114.76
147.14 127.82
148.94 140.82
151.61 153.63
154.48 166.35
160.11 178.07
169.41 187.18
179.37 195.62
191.67 198.87
206.16 197.39
219.66 191.51
233.22 186.05
246.42 179.59
255.36 168.20
259.02 154.10
260.03 139.42
260.83 124.87
154.36 93.50
160.46 90.74
167.15 90.79
173.46 93.18
179.60 95.90
205.49 96.63
213.38 93.52
221.52 91.35
229.78 92.86
237.34 96.56
190.87 108.84
189.39 117.92
187.83 126.95
186.36 135.94
176.95 144.97
182.02 146.12
187.10 146.77
195.01 146.90
202.70 145.62
161.38 107.98
167.38 103.75
174.45 104.70
179.76 109.88
173.47 111.88
166.89 111.59
206.96 111.72
213.39 106.86
221.10 107.31
227.70 111.86
220.94 114.46
213.67 114.31
173.54 164.40
177.20 159.88
181.80 156.12
187.43 156.96
195.81 156.67
203.18 161.26
210.62 165.40
204.03 169.90
196.44 172.33
188.49 172.56
182.72 171.48
177.71 168.36
182.49 163.10
188.07 163.64
196.20 163.88
196.14 164.40
188.19 164.03
182.53 163.51
