147.93 114.85
147.34 127.86
149.21 140.79
151.89 153.55
154.70 166.24
160.38 177.87
169.61 186.98
179.53 195.40
191.78 198.65
206.21 197.12
219.67 191.31
233.20 185.91
246.35 179.51
255.32 168.22
258.98 154.19
260.07 139.59
260.89 125.09
154.56 93.53
160.59 90.80
167.20 90.85
173.44 93.19
179.50 95.87
205.57 96.52
213.43 93.47
221.53 91.33
229.74 92.79
237.27 96.41
190.91 108.75
189.42 117.79
187.78 126.77
186.27 135.71
177.06 144.86
182.07 146.06
187.12 146.70
195.03 146.82
202.72 145.52
161.59 108.27
167.55 104.63
174.49 105.48
179.84 110.05
173.61 111.98
167.09 111.72
207.07 111.85
213.52 107.68
221.12 108.09
227.72 112.00
220.98 114.53
213.76 114.38
173.56 164.06
177.21 159.62
181.80 155.95
187.39 156.83
195.81 156.55
203.23 161.10
210.71 165.24
204.08 169.67
196.49 172.08
188.55 172.30
182.76 171.20
177.74 168.05
182.49 162.99
188.04 163.52
196.31 163.77
196.25 164.23
188.17 163.86
182.53 163.37
