147.66 114.93
147.04 127.98
148.86 140.96
151.52 153.77
154.40 166.48
160.06 178.18
169.39 187.26
179.36 195.66
191.65 198.90
206.16 197.39
219.69 191.55
233.25 186.06
246.45 179.57
255.39 168.16
259.07 154.07
260.06 139.37
260.87 124.81
154.23 93.59
160.33 90.87
167.00 90.93
173.31 93.30
179.45 95.99
205.27 96.72
213.17 93.57
221.32 91.37
229.60 92.87
237.20 96.54
190.70 108.91
189.23 117.99
187.66 127.02
186.17 136.01
176.81 145.03
181.88 146.20
186.97 146.85
194.89 146.96
202.59 145.66
161.27 108.12
167.24 103.85
174.29 104.77
179.60 109.94
173.34 111.97
166.77 111.71
206.83 111.79
213.23 106.89
220.90 107.32
227.48 111.88
220.76 114.50
213.52 114.36
173.41 164.46
177.07 159.94
181.68 156.19
187.34 157.03
195.74 156.71
203.16 161.25
210.64 165.37
204.02 169.89
196.40 172.34
188.42 172.59
182.63 171.51
177.59 168.41
182.34 163.17
187.99 163.70
196.27 163.93
196.21 164.44
188.11 164.07
182.38 163.55
