147.99 114.77
147.37 127.80
149.18 140.77
151.85 153.55
154.70 166.25
160.33 177.94
169.60 187.05
179.53 195.48
191.80 198.74
206.28 197.25
219.78 191.42
233.33 185.97
246.52 179.51
255.48 168.16
259.16 154.09
260.20 139.43
261.03 124.89
154.59 93.51
160.65 90.76
167.30 90.82
173.58 93.19
179.69 95.89
205.61 96.62
213.49 93.51
221.61 91.35
229.85 92.85
237.41 96.52
190.99 108.81
189.50 117.86
187.92 126.87
186.42 135.83
177.09 144.87
182.13 146.06
187.20 146.71
195.10 146.83
202.79 145.54
161.61 108.06
167.58 103.96
174.60 104.88
179.90 109.91
173.64 111.89
167.10 111.61
207.13 111.75
213.53 107.05
221.18 107.49
227.75 111.88
221.03 114.46
213.81 114.31
173.63 164.22
177.30 159.72
181.90 156.00
187.53 156.85
195.93 156.56
203.34 161.11
210.80 165.26
204.19 169.75
196.58 172.19
188.61 172.43
182.83 171.33
177.81 168.20
182.58 162.98
188.18 163.52
196.40 163.76
196.33 164.29
188.30 163.92
182.62 163.40
