148.01 114.76
147.37 127.79
149.16 140.77
151.83 153.56
154.69 166.26
160.31 177.97
169.57 187.09
179.50 195.52
191.77 198.80
206.26 197.31
219.77 191.47
233.32 186.01
246.52 179.55
255.50 168.19
259.18 154.11
260.21 139.44
261.03 124.89
154.58 93.52
160.64 90.75
167.30 90.81
173.59 93.18
179.70 95.89
205.60 96.62
213.48 93.51
221.61 91.35
229.85 92.86
237.40 96.54
190.98 108.81
189.49 117.87
187.91 126.89
186.43 135.86
177.07 144.90
182.12 146.06
187.18 146.72
195.09 146.84
202.78 145.55
161.58 108.01
167.56 103.78
174.60 104.73
179.89 109.88
173.63 111.87
167.07 111.59
207.10 111.72
213.50 106.88
221.17 107.33
227.75 111.85
221.02 114.44
213.78 114.30
173.65 164.30
177.30 159.78
181.90 156.03
187.53 156.87
195.93 156.58
203.33 161.14
210.78 165.28
204.17 169.78
196.56 172.24
188.60 172.49
182.82 171.39
177.81 168.27
182.59 163.00
188.17 163.54
196.37 163.78
196.31 164.32
188.30 163.95
182.63 163.43
