147.85 114.75
147.23 127.81
149.01 140.81
151.67 153.62
154.55 166.34
160.16 178.06
169.47 187.17
179.43 195.60
191.72 198.86
206.23 197.38
219.75 191.51
233.32 186.03
246.53 179.56
255.48 168.15
259.16 154.05
260.16 139.36
260.96 124.79
154.44 93.48
160.54 90.72
167.23 90.78
173.55 93.17
179.69 95.89
205.51 96.64
213.41 93.50
221.56 91.32
229.83 92.84
237.40 96.54
190.92 108.83
189.44 117.90
187.88 126.94
186.40 135.94
176.99 144.94
182.06 146.09
187.14 146.74
195.05 146.87
202.75 145.59
161.45 107.92
167.44 103.55
174.53 104.51
179.81 109.82
173.53 111.84
166.94 111.56
207.01 111.67
213.42 106.66
221.13 107.11
227.72 111.80
220.97 114.42
213.71 114.27
173.60 164.42
177.26 159.89
181.85 156.11
187.50 156.94
195.88 156.64
203.26 161.22
210.70 165.36
204.11 169.88
196.50 172.32
188.54 172.56
182.77 171.47
177.77 168.37
182.54 163.07
188.14 163.61
196.30 163.85
196.24 164.38
188.26 164.01
182.59 163.48
