148.04 114.77
147.40 127.79
149.19 140.75
151.86 153.53
154.71 166.22
160.34 177.91
169.59 187.02
179.51 195.44
191.77 198.71
206.24 197.22
219.74 191.40
233.28 185.96
246.47 179.52
255.45 168.19
259.13 154.13
260.17 139.48
260.99 124.95
154.62 93.51
160.67 90.75
167.31 90.80
173.60 93.16
179.70 95.86
205.61 96.59
213.48 93.48
221.60 91.33
229.84 92.83
237.38 96.51
190.99 108.77
189.49 117.82
187.91 126.83
186.41 135.79
177.09 144.85
182.13 146.02
187.19 146.67
195.09 146.79
202.78 145.50
161.61 108.03
167.59 103.89
174.61 104.82
179.91 109.89
173.65 111.86
167.10 111.59
207.10 111.71
213.51 106.98
221.16 107.43
227.74 111.85
221.02 114.43
213.78 114.29
173.65 164.21
177.30 159.71
181.90 155.97
187.53 156.81
195.93 156.53
203.33 161.08
210.78 165.22
204.17 169.71
196.56 172.15
188.60 172.40
182.82 171.30
177.81 168.18
182.58 162.95
188.17 163.48
196.38 163.73
196.32 164.25
188.29 163.88
182.62 163.37
